-4.12231
-8.70697
4.13365
6.32492
7.78988
4.72522
-1.84989
-8.18251
1.55137
-20.59824
1.5175
-3.14219
-4.64718
11.731
4.59876
9.44401
5.19879
-6.51936
3.50782
11.76292
11.05495
-8.698
6.58177
-18.17211
-17.00748
-4.19968
4.34241
-0.10598
2.98256
6.72279
9.26232
-1.44194
20.52925
5.66434
-12.43842
20.50162
21.65602
-8.4438
0.95536
4.4465
-6.28401
19.68283
11.66962
-2.56476
12.27991
-1.10559
-4.7828
19.39367
12.25322
10.80715
16.63321
10.47593
20.03226
7.62122
20.73478
18.07101
0.64441
13.87619
5.6184
12.34898
14.81248
21.02875
23.06549
5.40694
4.19651
3.52755
30.38877
9.64407
27.28869
18.62334
8.05286
7.45232
13.95752
8.43066
23.80115
28.68217
10.99065
10.977
26.22878
28.55503
14.89858
0.16893
5.72619
25.45361
18.57523
5.08324
22.64195
11.79117
18.56093
21.41805
28.68937
19.61459
30.28583
28.49587
10.41074
14.39773
16.42508
36.17272
11.27055
27.49914
21.11811
41.26522
30.80659
38.5125
23.57622
18.59989
30.22811
30.63285
31.79702
18.81753
22.96092
21.50691
24.79541
15.12341
30.16201
34.62982
14.29996
43.8291
37.54558
25.60258
49.07937
18.76238
45.82378
18.95098
18.6424
31.61174
44.88741
38.28724
45.61743
24.52437
49.86671
27.30234
38.58586
32.66326
39.54534
32.02109
34.13651
26.87812
33.26714
41.43729
16.88623
31.03487
46.68188
34.59759
22.18561
36.68421
32.37433
22.04517
32.75833
34.71549
34.84167
27.92197
31.07071
36.76308
41.15705
53.34299
37.59941
25.78239
43.82691
45.49057
40.24452
48.50023
32.43167
42.23528
35.57038
44.04796
26.99343
45.0576
43.3336
47.79973
27.21267
43.66964
31.46928
40.20132
42.94318
31.86233
40.37986
40.02619
25.98995
39.17963
51.59131
51.4863
49.69725
48.5808
55.3204
37.12345
50.16669
43.12474
38.39756
69.7728
45.67232
45.90606
48.44256
55.53852
44.85578
37.26706
56.65212
53.12788
48.50453
49.02108
49.37902
42.33118
48.07351
45.60567
60.14486
57.64526
48.31862
52.37576
47.60626
51.12982
55.00982
56.52618
67.4624
53.88263
55.7885
54.94809
55.866
52.4754
67.25328
70.96865
48.00112
58.75206
63.53453
52.98611
64.33825
56.48671
59.09576
52.9487
52.11737
39.97074
49.3619
43.07976
71.0833
49.22174
37.85738
53.32844
52.98216
50.81199
49.05093
50.66472
65.66007
69.11878
76.00534
59.66514
61.55238
60.41088
52.51361
64.34356
55.91655
70.61951
65.47217
71.24889
58.27828
73.34685
73.58038
72.18839
39.50702
64.99195
61.33763
65.10614
57.15397
74.5692
81.14696
66.19079
49.60472
61.9782
62.527
58.59306
70.3562
66.8573
75.53108
88.74334
68.46453
78.88762
81.83502
84.9328
76.26736
73.48027
76.78569
81.27551
73.63978
72.37122
68.22626
61.51754
67.01932
70.07489
69.04905
72.92499
78.56813
70.39353
68.61022
78.08857
73.08299
77.25194
78.35042
71.50509
68.60764
74.54854
65.12918
81.00358
