-0.58361
5.4228
0.78195
0.94774
2.09937
5.83557
-3.67611
8.65062
-3.26138
3.07899
-2.34561
-7.6934
-5.81248
-11.62185
4.21868
5.88732
9.74991
-1.96789
-7.25462
9.24624
3.07899
-0.72887
-2.5813
3.14839
-1.79283
-10.18797
-3.27493
-10.37243
-2.89414
-6.01283
8.23159
9.53815
5.95051
14.53518
-1.11292
17.37405
13.35285
8.74441
4.14749
11.92271
0.55305
0.04187
12.22854
13.18231
11.75669
11.30858
8.79978
4.39999
2.70609
6.83503
14.8411
3.41732
1.68542
7.90918
7.86908
7.10099
10.04164
5.37141
2.45368
10.18193
20.25062
22.59299
7.97429
14.71018
13.03488
14.69694
24.22592
19.18416
14.48375
14.5206
7.98146
22.21892
17.83904
18.97538
17.97037
17.95413
10.69946
15.349
19.6049
11.56956
21.93099
16.01657
19.53547
15.53186
16.40681
12.97324
17.43116
18.19423
14.89367
17.41076
31.59097
25.29798
14.58041
18.72449
17.40974
18.77021
18.5149
24.41818
25.6872
20.25268
22.86841
26.43142
31.61314
27.74433
23.72411
28.36801
23.95561
13.41434
14.54797
20.76932
36.61164
20.24128
27.83583
12.67847
22.9541
28.7352
23.1845
22.14448
24.77245
25.65627
33.10443
37.88122
25.04995
33.40288
34.19165
17.47386
29.5097
38.00712
34.77021
21.79392
34.92408
30.45201
46.35948
31.9886
31.03676
29.95387
31.07992
33.69795
30.90639
28.51701
26.57179
22.33284
33.51283
20.22195
28.67962
26.57155
35.06426
42.03813
36.609
30.02999
44.26324
38.04361
30.28926
44.76079
41.26654
40.29517
36.47842
41.98822
33.45324
40.10703
33.94553
46.54514
38.88419
44.25891
30.56647
49.13635
43.02128
40.67681
39.21276
36.84125
36.96604
48.70008
29.96136
41.26668
37.72877
30.93663
47.48348
38.44298
33.46732
34.86425
47.56571
41.99778
53.53963
44.69487
35.99372
41.22851
49.70919
53.85145
48.3359
43.12395
56.16714
49.13573
49.85933
49.18357
51.80632
43.82169
55.84569
47.81471
55.59651
36.9112
49.44291
51.57351
44.35158
52.26705
57.89532
38.63328
58.76294
42.93154
40.71745
50.10169
58.50809
68.19668
53.08209
50.26622
50.92927
56.30064
56.88739
56.98875
59.4625
58.53763
62.29445
57.78436
56.25716
48.99461
54.05081
64.28204
57.12539
51.20377
62.95191
59.00376
55.63209
53.8536
52.24686
48.01317
56.50535
58.6522
49.77348
61.93992
56.4851
63.89217
62.94016
60.01799
62.69194
72.4198
65.54938
66.5552
56.93406
58.65729
63.25264
55.95438
47.93091
60.82384
73.29863
63.57594
67.92513
49.82489
72.2242
64.82461
61.80852
58.42343
61.2401
70.53158
63.59822
70.11206
65.53213
62.32871
64.11172
64.77748
73.32807
59.31593
68.684
71.88805
67.74932
69.91649
72.48443
76.81288
69.17906
76.82054
76.53123
75.51813
75.94362
70.19298
84.23169
71.05206
71.00038
66.49349
70.08509
75.41773
73.44764
73.58244
74.50684
69.51788
72.18477
70.09462
73.41599
69.82642
67.08482
70.58084
72.51331
71.4892
