-0.70338
5.73133
3.75337
-4.84222
-4.46947
-0.80052
-5.84463
-1.68721
0.72275
-1.98575
-0.94781
-0.86504
1.22864
-3.06013
-0.77855
-3.05224
-1.66813
1.27768
1.96018
-2.95022
1.28985
0.63588
1.26818
-0.71595
1.69368
1.41045
-0.93938
3.25879
-1.30841
-0.96583
6.42955
6.27773
3.70445
7.20141
7.54163
11.00333
7.92978
11.81537
10.34709
8.50487
7.47104
3.90143
4.35863
8.90459
8.0274
6.72124
12.23817
6.07587
9.51588
8.94554
8.983
7.36245
9.39283
5.97454
8.48325
11.95319
3.26608
7.17014
5.71958
7.78033
15.27637
14.90545
18.60144
17.44506
13.60752
17.27626
16.80672
22.32811
16.56891
15.43749
13.72882
12.09263
16.97975
14.79064
14.84954
19.71908
23.09248
17.02046
13.41269
18.40256
12.88825
13.90862
15.69641
18.98837
17.43416
15.96062
18.17724
15.99353
14.31769
15.74397
20.7357
25.82562
22.73512
24.3043
23.79361
24.67002
22.16125
23.9637
19.22482
22.01375
22.26392
27.00523
27.78281
24.51842
26.77568
22.42938
23.0672
27.20543
22.24333
27.97639
22.99978
24.35204
18.59211
22.92599
24.79853
24.53662
22.89817
22.80231
23.32864
25.97433
31.36254
29.35621
32.12259
32.0998
31.728
34.51881
30.16519
29.31699
29.15858
27.75979
30.81242
30.85094
37.40839
31.42951
31.82607
29.85487
35.86524
30.63277
33.23816
32.29107
33.39075
29.60141
35.17441
36.34209
31.55253
31.25956
32.51366
36.57049
34.55837
29.4546
38.02384
44.01554
43.9026
37.06733
39.43713
40.95515
44.01359
45.31447
39.62949
38.3713
43.10282
40.34206
42.00996
42.07514
42.67777
40.74341
41.68704
35.10744
41.63524
47.91098
45.01635
38.94123
33.96865
43.04865
39.88037
41.97979
41.99645
38.9705
38.17338
39.23582
48.38843
51.18336
50.89996
47.34601
47.34824
46.22902
46.58628
48.74272
47.0929
49.86032
47.19577
52.5469
48.67281
52.39978
44.8865
48.77382
49.21206
48.0877
49.77524
50.46122
46.34628
48.18877
52.13882
46.35579
49.93104
45.53932
45.11458
47.99067
40.59095
49.43873
62.7033
59.78535
50.14029
57.96345
54.95462
55.44395
57.11707
56.50925
57.23156
57.62893
54.57141
57.10072
53.35595
57.0877
55.66932
54.01216
56.61046
53.65321
55.39204
56.47344
52.0298
59.16437
58.56034
60.64889
52.26067
54.38894
56.90953
53.34777
57.49131
53.85113
67.08723
68.37617
65.62888
65.55116
58.4359
63.27568
63.5783
66.08458
65.25116
69.00054
64.50327
67.05676
62.6193
63.93632
62.65085
70.83075
67.23975
62.18461
67.25658
68.12838
65.29002
67.56305
67.5077
64.79579
63.50988
62.64489
63.07032
67.93847
62.69089
59.45005
67.98645
73.66404
70.80815
71.41832
68.92003
69.9856
69.75453
77.37377
69.2768
71.45549
76.28325
66.83602
72.91686
72.84712
71.05472
69.37266
75.67127
73.46052
73.00042
70.58459
76.09157
65.6762
69.06496
69.59551
71.89404
73.62027
72.10792
73.30914
67.69091
77.18691
