4.04542
-0.84882
-0.07282
-3.09052
3.36595
-1.67615
5.65781
0.81136
-2.28337
1.88426
2.61188
2.10846
1.81346
-0.02747
3.45718
0.74073
-11.35364
-2.76825
1.24183
-0.83814
5.46412
-8.36343
4.43429
-0.71578
-0.2499
1.84183
-0.47073
0.75605
2.03179
-0.26556
4.97831
8.5802
10.32891
16.12808
6.26186
4.17032
11.34203
7.03773
10.01139
10.97779
8.24983
9.81868
5.74342
10.86048
9.2762
11.02204
9.41457
13.33217
4.18667
5.39261
9.34973
8.63696
6.95557
7.47855
9.88024
4.33902
10.87582
8.78622
7.80383
6.07512
16.42917
15.26814
11.9259
14.16216
14.20732
14.50167
11.74598
15.78324
20.65025
11.57928
8.81315
10.83396
17.53959
15.75766
13.30114
11.586
23.44589
19.44349
16.38282
18.13489
17.36479
14.40697
18.30242
15.50592
21.41198
18.26517
11.03217
15.69005
10.29793
8.35614
27.53599
29.47537
29.20903
26.38585
23.25896
26.19905
17.22581
25.2879
21.74635
28.34316
27.12517
26.84685
23.1319
27.1732
19.66539
18.61172
21.07609
27.64014
27.99267
19.96473
21.01199
22.66627
28.22358
26.43421
21.1247
24.77969
29.44861
30.23896
21.86712
22.12994
37.31406
37.30035
31.24368
36.72998
31.47273
33.80023
32.52337
26.03182
30.9375
35.73997
28.72463
24.07495
30.76996
32.4602
33.92481
30.84068
30.45113
26.49252
30.88964
33.57927
31.73689
19.23701
34.09586
32.57598
31.05592
27.22637
33.41806
30.14464
31.27622
33.26022
41.87899
41.30012
42.42836
40.22932
41.33297
36.63717
42.2644
34.58502
46.34878
32.68733
35.92247
33.7201
38.00024
39.34303
45.94715
38.21547
38.55887
36.51852
35.18433
48.02107
39.41728
43.21564
35.01729
36.43499
40.39816
44.84466
36.03077
38.46517
45.26609
41.40945
46.99805
50.80447
49.65469
45.70494
45.12753
44.18064
50.07848
50.05916
39.74408
44.40413
41.86048
38.23248
41.33706
55.91588
47.00975
54.35461
52.09203
49.62169
43.56177
47.78801
48.67
51.14925
45.71442
44.31773
45.14098
38.6318
46.86177
45.06485
41.72626
43.92378
57.85995
62.12492
49.94074
56.73703
62.26356
53.42315
51.8691
58.98254
56.10206
54.86229
55.12484
51.1831
57.10018
51.41034
60.6741
55.8458
61.16616
53.17947
61.90107
54.52397
62.18856
52.30183
59.35387
52.42011
57.61766
59.97144
54.24194
57.39517
56.34965
48.84938
68.01834
60.34854
76.33775
63.2572
66.81299
64.8218
63.66369
66.12034
65.70482
59.74436
63.73699
69.86844
63.92057
66.27862
65.36321
60.07355
60.04339
64.98239
65.71763
77.26951
64.47823
61.16135
57.93653
68.20073
64.61964
55.92209
61.07212
65.84425
63.36188
68.41662
72.90358
73.15867
73.97109
70.75271
78.27326
69.10983
75.9447
65.94711
76.98289
70.35659
77.51686
72.8247
74.66659
72.19516
69.42182
74.09919
76.57738
74.52561
70.7571
79.78873
72.34137
70.28748
72.31566
73.32606
76.63795
78.44834
72.51882
73.6789
70.48185
70.14824
