-4.5078
-2.4857
-17.14092
8.03013
1.90676
-1.48321
-0.71592
2.5478
-8.38204
5.55295
5.43597
-1.06349
3.22859
1.84504
1.52566
9.95692
-1.1903
-2.25634
5.71159
5.65926
-12.48895
11.47
-7.72617
-0.07935
1.51324
14.48196
3.87569
-2.33101
-8.4273
3.76681
6.88942
-10.80521
8.96255
3.59139
1.93908
16.44347
4.92577
7.92779
11.78908
18.33582
10.35498
18.96636
-3.62547
11.29635
14.05058
9.3867
12.73805
4.06098
14.20468
4.71783
-0.67845
10.64874
-3.6101
4.01445
11.23269
3.21162
4.11535
3.12075
8.6396
7.01425
12.62817
17.00732
6.53078
0.44416
4.64687
19.29352
23.63616
16.30634
17.39754
26.74396
19.61014
2.66497
24.11686
26.29518
10.37325
21.33066
22.18015
18.41171
19.79542
11.59695
16.79995
12.5137
8.51911
14.15121
15.64512
22.28222
13.39593
20.22702
9.1811
28.49238
24.43748
17.39218
14.18101
29.77757
24.76282
24.5977
30.18537
33.62053
27.44232
30.36513
20.73922
14.55845
23.6388
17.83709
30.82394
34.73155
24.46648
27.13449
24.6764
21.20521
20.05957
19.35619
23.04689
17.59914
21.7385
23.90221
29.7014
15.70935
29.61373
29.9834
32.56715
30.37505
40.69524
42.29861
26.43667
21.3174
21.79053
32.0047
36.73937
25.65135
28.59856
34.63113
37.79049
32.57887
33.81452
37.84655
34.51581
23.89931
27.0502
28.19296
38.25036
24.94389
38.53127
28.50369
28.787
21.60828
22.5116
31.57717
31.88743
39.94846
36.9614
38.53817
44.22315
44.11961
36.35551
51.17878
45.68202
24.98422
32.19339
31.00557
43.84719
43.48146
33.89794
44.45898
37.67685
49.27433
35.06948
36.67516
38.34435
39.21131
35.46347
38.07818
41.53011
38.23573
37.33014
34.00625
39.06023
35.78821
28.43022
47.83384
52.52703
54.49939
46.01268
41.04765
50.37927
51.86872
47.23325
43.97522
42.17696
45.89913
44.1569
46.75335
58.80634
38.56402
58.37585
51.34551
26.95378
45.75553
43.57161
57.00492
43.71708
52.98764
43.31038
53.47346
56.48149
32.80475
43.97063
42.84784
47.17419
43.55412
55.0522
65.32805
64.88256
54.40674
49.13443
45.79878
38.29872
72.40164
44.56158
48.19361
43.5608
54.986
54.19605
49.35744
57.62069
48.99867
50.59423
59.1291
68.19622
64.52984
44.92315
53.03546
69.34467
50.22537
68.60862
60.86145
46.32695
57.14668
46.69916
54.26025
54.12416
55.73686
62.38611
60.23503
59.1218
55.5357
56.42534
77.78824
63.02059
58.39126
52.07247
70.89744
66.79829
59.47391
67.30626
66.70784
70.33907
69.2913
69.28769
76.37531
62.0903
60.98441
55.24669
73.69577
51.77007
70.19232
74.97113
64.64406
68.44904
67.58885
74.15887
75.98052
71.71381
73.36791
70.44369
73.08298
69.85099
65.74475
62.05865
80.99118
91.876
79.1723
64.74371
78.67447
75.80968
75.54589
69.96321
65.70273
74.97587
78.55896
79.09904
74.30985
62.34732
71.34316
74.4052
72.26257
77.3936
68.46679
77.64206
63.40809
