11.03051
12.99384
5.57399
1.73122
8.34357
8.93709
13.45429
11.89048
13.96526
21.80014
16.55972
18.72545
15.19029
15.09745
15.67334
24.08555
16.5984
27.99626
26.46253
24.09438
19.03798
21.78815
23.14106
21.3872
21.15417
31.18208
26.8911
22.09057
19.08462
19.45779
25.20226
25.63016
21.76541
20.75064
21.75585
21.50267
30.80044
35.09328
36.79503
36.65655
26.60683
30.45006
30.27309
39.05452
33.0431
28.47472
34.80691
33.39347
35.37297
29.04569
30.13305
33.15259
31.30565
32.25611
29.97672
35.89563
31.55274
29.95991
36.64605
31.93716
35.79553
26.92501
36.54596
35.42767
37.24947
39.42755
37.34875
39.56952
42.30394
41.66314
37.90192
45.81626
43.64086
37.7778
40.70156
47.49951
42.83079
36.7548
36.35833
44.26103
38.93624
40.94654
39.57985
43.71949
43.22383
42.14282
36.06918
44.106
43.78691
43.189
34.80876
39.87272
40.75752
50.61616
40.55364
34.83537
40.39602
42.47992
51.56543
45.6194
44.98974
53.98485
44.04613
44.75985
42.69121
55.87441
49.6343
45.50038
48.80376
49.23692
49.52318
44.74768
43.8771
47.73042
51.00858
45.17572
44.55622
54.63465
53.91953
45.89123
44.67546
44.52641
54.05499
50.71951
52.45474
54.23129
59.15054
59.1737
57.03159
52.27034
55.73187
60.945
46.62417
53.46944
58.31686
64.01851
55.43707
60.56342
57.01785
63.22488
48.38036
53.51083
57.53887
59.84249
47.09925
50.81223
54.38346
57.88373
61.56004
57.40441
57.3234
57.77705
60.25775
53.81649
61.28783
58.51248
63.98654
59.26965
64.82496
63.14147
60.86877
60.99091
64.88972
66.51455
63.4623
63.81894
60.89482
70.5618
63.89678
66.46079
63.03579
65.06389
59.79561
62.81557
61.81403
63.41791
65.22679
60.50359
58.25883
63.09596
69.65406
64.44121
56.92644
64.00019
65.25035
65.28649
61.12119
64.60944
69.43605
63.26071
63.80558
70.01671
65.23265
63.09593
58.43624
64.67445
60.68124
58.16838
62.17541
58.35769
64.65896
66.09585
65.57846
62.27593
64.94583
67.86725
63.27098
58.23144
68.45272
67.54612
57.34881
69.25419
69.97887
78.99195
72.38519
71.92453
72.64719
76.3888
69.9708
68.16516
68.47622
67.85939
72.19941
70.55296
69.49078
72.91735
71.47797
70.27147
76.1046
72.56233
67.67681
72.87734
82.43012
88.16052
91.67003
86.24974
84.05071
87.81019
89.48233
80.28294
83.01697
91.56275
90.23051
87.8068
92.37999
96.4335
95.44489
92.01818
94.74007
93.38794
93.24002
97.90807
93.59268
97.50553
95.30612
91.89605
94.27544
95.88981
100.88642
93.34573
105.24486
100.59236
98.41884
102.67021
99.98088
105.17861
102.2738
105.90158
107.04595
97.59101
106.07914
113.90649
102.93786
103.21176
102.05314
105.62962
106.47554
96.74128
104.79558
111.4304
105.43478
102.48736
107.51114
109.37294
111.31776
97.04225
104.57791
108.18794
110.7507
99.87661
103.12438
106.98068
104.72039
106.73252
103.99932
108.31189
112.05969
111.85799
113.48002
108.71854
