7.16593
7.62993
6.48471
5.20158
8.32624
10.83441
9.7558
5.89287
4.71711
11.8632
9.82639
5.15298
6.55031
7.7712
11.31096
6.27103
5.07434
10.28012
8.67405
14.33033
12.13971
18.14167
19.65104
17.15903
17.59877
19.07227
20.33815
16.72489
14.78939
16.02041
16.36714
16.82615
13.3274
17.45542
18.79586
18.18744
16.19124
22.39342
25.43454
24.31771
21.79713
19.72702
23.69634
24.70813
22.90036
21.47631
25.52724
25.61136
20.23819
23.22105
24.27193
25.53591
24.86304
19.85353
24.58703
27.06221
36.23619
35.20287
33.08471
36.70712
38.14153
34.0483
30.30579
37.81891
40.03025
32.89467
34.0911
35.46956
37.14594
39.03074
32.19779
39.65682
35.25004
36.97852
34.47109
38.24235
40.13152
33.87278
42.13697
44.5243
46.75945
45.63349
40.87324
43.97791
45.19791
44.0401
47.51421
53.47143
54.73642
52.91842
50.85375
49.48196
64.29373
59.93364
58.82662
58.26615
67.07794
66.87611
63.81911
62.6137
66.71212
70.63036
61.71813
62.30291
65.99709
66.0995
63.54205
61.9958
64.48262
66.18525
64.32218
63.06834
63.67191
67.10639
67.3479
61.19856
63.94425
66.24081
67.30811
59.81344
63.92028
63.4871
62.55721
71.59228
69.9286
74.75211
77.6683
78.0843
79.34074
80.50845
83.43068
78.30425
79.34825
81.59695
81.63565
79.12055
87.9564
86.65419
89.46362
88.57211
85.26846
87.25417
92.80893
89.479
86.43524
87.54504
89.93191
90.93221
87.46353
87.14097
88.53223
87.97312
85.74236
85.96207
88.05931
89.12583
87.92287
84.19361
87.79685
91.61893
84.11237
83.48185
89.62361
88.18212
87.00399
84.60956
87.76638
98.03163
97.80813
93.89804
93.73245
97.7445
95.90346
93.499
95.70419
97.13496
98.48867
93.27147
94.09969
99.53657
100.36305
94.15218
92.41075
94.56722
95.49187
97.01923
93.17748
95.28484
96.00878
96.35958
94.31075
95.50114
97.46413
96.4979
99.63962
101.28551
108.83666
104.20154
101.79529
102.21191
106.31282
106.13355
101.62056
102.95222
106.38354
107.11643
103.13626
103.04973
106.4681
108.66086
103.37133
101.81007
106.72958
107.01581
102.86759
102.28807
103.85823
104.62305
104.72603
102.38305
104.18541
105.70128
105.29358
101.29726
103.75857
107.38314
106.56596
104.02756
102.30595
103.78563
106.66098
100.62327
101.7362
105.23755
107.66996
100.52218
102.42417
102.74079
106.96268
102.81239
104.09679
103.27503
109.71074
104.68043
104.3135
103.03754
105.79753
105.18719
101.6913
104.15311
105.59826
104.4044
100.86148
104.24662
106.6003
104.8792
101.18922
98.80329
103.9943
105.86185
104.49497
111.26667
115.13909
115.77444
112.32771
113.07858
112.81487
114.64607
112.65622
109.39231
111.14524
125.01046
123.42915
116.72156
119.88287
124.16026
122.30638
116.89378
118.85238
122.6181
120.92203
117.03741
120.01166
119.72691
121.37882
120.45374
116.95515
118.80611
121.69857
119.9332
119.00222
119.70701
119.39908
116.68512
114.12411
116.49606
122.23154
118.32982
124.5756
127.76892
