9.13597
10.26842
9.38887
3.65454
8.34915
8.31024
11.80624
7.23545
8.22149
6.56878
11.19168
6.61338
2.31369
6.50483
11.48873
5.86588
13.21898
9.17411
10.47069
4.31486
9.59376
11.30886
6.04162
8.61984
6.5687
5.75166
5.34386
11.86229
3.32196
9.03064
14.23946
17.12039
8.74453
16.00498
16.55888
22.17076
15.29234
17.22771
19.44243
13.59501
18.2946
10.0455
13.83294
19.70363
15.52129
18.65509
20.75419
23.24416
21.77117
23.54053
28.16223
21.61199
25.17258
22.81664
25.11454
28.42257
26.59429
22.67004
18.68781
27.43706
22.9406
23.6511
24.69884
29.49675
23.37368
23.23378
19.00712
25.89761
22.72174
24.3512
21.33381
14.47383
21.16964
20.37032
18.34569
20.84422
28.54618
24.09135
26.60166
20.54333
24.63761
29.39396
18.11785
27.99456
30.60482
17.29617
23.35957
25.78992
24.49179
21.6039
17.98842
25.86542
28.82664
35.13259
20.20165
22.22384
27.91886
32.12578
30.85641
28.31116
32.93356
34.89158
31.06664
36.33501
27.28807
36.30207
35.51511
27.46708
37.45565
30.95829
23.66386
27.0591
30.03933
35.22279
36.43027
26.96635
29.94374
30.33479
34.3095
24.94226
32.90013
48.96049
37.86675
35.00972
36.88453
43.11217
41.43256
41.10371
37.78346
41.02171
38.79812
47.20721
38.86569
34.40268
43.60854
38.64096
41.05361
42.52645
33.76476
40.77667
38.28834
41.76584
46.63901
48.48897
43.16545
38.955
40.27922
43.70194
48.50623
47.44084
54.62035
50.28573
41.85048
46.7379
47.8026
41.96754
52.22182
48.59488
49.35982
42.65833
50.30155
44.4387
46.61017
48.79959
40.74744
49.03669
48.54298
54.23056
51.71311
48.11542
47.88713
49.42553
56.33461
48.43339
47.29189
46.47375
43.46821
40.40049
39.37258
51.52485
59.09048
43.63828
49.08363
48.39608
46.76373
47.166
54.36414
49.08258
49.48998
46.52767
42.14272
44.23089
47.10465
46.67862
40.82649
50.377
56.79562
52.00917
43.90666
53.49899
52.37937
47.97497
47.17412
44.74251
50.86514
47.39836
47.81852
43.25761
51.52264
45.72273
48.51563
39.93055
50.16862
53.06869
49.10597
43.37377
51.16397
48.71337
49.92692
49.8236
45.87856
57.51577
47.10337
49.96241
47.16014
46.45804
43.13083
51.30891
43.91648
50.63132
46.67667
37.34592
45.91467
51.70498
50.91924
53.07357
43.08068
46.67081
46.43412
50.61502
45.55691
45.99948
51.81038
47.14339
45.75379
53.40129
57.23037
54.60053
46.44913
49.06462
58.00755
63.00661
59.76492
58.82941
68.8221
65.31132
61.91029
59.35704
64.58698
68.90539
61.22307
63.11661
65.76351
66.95979
77.45956
68.53283
72.91852
74.69968
79.78641
66.95491
75.60642
75.51138
74.32013
70.70737
76.82527
71.76233
70.88226
69.37958
73.28941
72.49831
71.0885
64.7395
72.78889
71.72503
70.59719
73.42655
79.73719
81.06063
84.16935
76.01237
75.60021
83.08401
74.93596
70.87147
72.74739
82.39477
84.79441
79.94023
84.98327
79.78837
