0,9.13597,8.0
1,10.26842,8.0
2,9.38887,8.0
3,3.65454,8.0
4,8.34915,8.0
5,8.31024,8.0
6,11.80624,8.0
7,7.23545,8.0
8,8.22149,8.0
9,6.56878,8.0
10,11.19168,8.0
11,6.61338,8.0
12,2.31369,8.0
13,6.50483,8.0
14,11.48873,8.0
15,5.86588,8.0
16,13.21898,8.0
17,9.17411,8.0
18,10.47069,8.0
19,4.31486,8.0
20,9.59376,8.0
21,11.30886,8.0
22,6.04162,8.0
23,8.61984,8.0
24,6.5687,8.0
25,5.75166,8.0
26,5.34386,8.0
27,11.86229,8.0
28,3.32196,8.0
29,9.03064,8.0
30,14.23946,8.0
31,17.12039,16.0
32,8.74453,16.0
33,16.00498,16.0
34,16.55888,16.0
35,22.17076,16.0
36,15.29234,16.0
37,17.22771,16.0
38,19.44243,16.0
39,13.59501,16.0
40,18.2946,16.0
41,10.0455,16.0
42,13.83294,16.0
43,19.70363,16.0
44,15.52129,16.0
45,18.65509,16.0
46,20.75419,24.0
47,23.24416,24.0
48,21.77117,24.0
49,23.54053,24.0
50,28.16223,24.0
51,21.61199,24.0
52,25.17258,24.0
53,22.81664,24.0
54,25.11454,24.0
55,28.42257,24.0
56,26.59429,24.0
57,22.67004,24.0
58,18.68781,24.0
59,27.43706,24.0
60,22.9406,24.0
61,23.6511,24.0
62,24.69884,24.0
63,29.49675,24.0
64,23.37368,24.0
65,23.23378,24.0
66,19.00712,24.0
67,25.89761,24.0
68,22.72174,24.0
69,24.3512,24.0
70,21.33381,24.0
71,14.47383,24.0
72,21.16964,24.0
73,20.37032,24.0
74,18.34569,24.0
75,20.84422,24.0
76,28.54618,24.0
77,24.09135,24.0
78,26.60166,24.0
79,20.54333,24.0
80,24.63761,24.0
81,29.39396,24.0
82,18.11785,24.0
83,27.99456,24.0
84,30.60482,24.0
85,17.29617,24.0
86,23.35957,24.0
87,25.78992,24.0
88,24.49179,24.0
89,21.6039,24.0
90,17.98842,24.0
91,25.86542,24.0
92,28.82664,24.0
93,35.13259,24.0
94,20.20165,24.0
95,22.22384,24.0
96,27.91886,24.0
97,32.12578,32.0
98,30.85641,32.0
99,28.31116,32.0
100,32.93356,32.0
101,34.89158,32.0
102,31.06664,32.0
103,36.33501,32.0
104,27.28807,32.0
105,36.30207,32.0
106,35.51511,32.0
107,27.46708,32.0
108,37.45565,32.0
109,30.95829,32.0
110,23.66386,32.0
111,27.0591,32.0
112,30.03933,32.0
113,35.22279,32.0
114,36.43027,32.0
115,26.96635,32.0
116,29.94374,32.0
117,30.33479,32.0
118,34.3095,32.0
119,24.94226,32.0
120,32.90013,40.0
121,48.96049,40.0
122,37.86675,40.0
123,35.00972,40.0
124,36.88453,40.0
125,43.11217,40.0
126,41.43256,40.0
127,41.10371,40.0
128,37.78346,40.0
129,41.02171,40.0
130,38.79812,40.0
131,47.20721,40.0
132,38.86569,40.0
133,34.40268,40.0
134,43.60854,40.0
135,38.64096,40.0
136,41.05361,40.0
137,42.52645,40.0
138,33.76476,40.0
139,40.77667,40.0
140,38.28834,40.0
141,41.76584,40.0
142,46.63901,40.0
143,48.48897,40.0
144,43.16545,40.0
145,38.955,40.0
146,40.27922,40.0
147,43.70194,40.0
148,48.50623,48.0
149,47.44084,48.0
150,54.62035,48.0
151,50.28573,48.0
152,41.85048,48.0
153,46.7379,48.0
154,47.8026,48.0
155,41.96754,48.0
156,52.22182,48.0
157,48.59488,48.0
158,49.35982,48.0
159,42.65833,48.0
160,50.30155,48.0
161,44.4387,48.0
162,46.61017,48.0
163,48.79959,48.0
164,40.74744,48.0
165,49.03669,48.0
166,48.54298,48.0
167,54.23056,48.0
168,51.71311,48.0
169,48.11542,48.0
170,47.88713,48.0
171,49.42553,48.0
172,56.33461,48.0
173,48.43339,48.0
174,47.29189,48.0
175,46.47375,48.0
176,43.46821,48.0
177,40.40049,48.0
178,39.37258,48.0
179,51.52485,48.0
180,59.09048,48.0
181,43.63828,48.0
182,49.08363,48.0
183,48.39608,48.0
184,46.76373,48.0
185,47.166,48.0
186,54.36414,48.0
187,49.08258,48.0
188,49.48998,48.0
189,46.52767,48.0
190,42.14272,48.0
191,44.23089,48.0
192,47.10465,48.0
193,46.67862,48.0
194,40.82649,48.0
195,50.377,48.0
196,56.79562,48.0
197,52.00917,48.0
198,43.90666,48.0
199,53.49899,48.0
200,52.37937,48.0
201,47.97497,48.0
202,47.17412,48.0
203,44.74251,48.0
204,50.86514,48.0
205,47.39836,48.0
206,47.81852,48.0
207,43.25761,48.0
208,51.52264,48.0
209,45.72273,48.0
210,48.51563,48.0
211,39.93055,48.0
212,50.16862,48.0
213,53.06869,48.0
214,49.10597,48.0
215,43.37377,48.0
216,51.16397,48.0
217,48.71337,48.0
218,49.92692,48.0
219,49.8236,48.0
220,45.87856,48.0
221,57.51577,48.0
222,47.10337,48.0
223,49.96241,48.0
224,47.16014,48.0
225,46.45804,48.0
226,43.13083,48.0
227,51.30891,48.0
228,43.91648,48.0
229,50.63132,48.0
230,46.67667,48.0
231,37.34592,48.0
232,45.91467,48.0
233,51.70498,48.0
234,50.91924,48.0
235,53.07357,48.0
236,43.08068,48.0
237,46.67081,48.0
238,46.43412,48.0
239,50.61502,48.0
240,45.55691,48.0
241,45.99948,48.0
242,51.81038,48.0
243,47.14339,48.0
244,45.75379,48.0
245,53.40129,56.0
246,57.23037,56.0
247,54.60053,56.0
248,46.44913,56.0
249,49.06462,56.0
250,58.00755,56.0
251,63.00661,64.0
252,59.76492,64.0
253,58.82941,64.0
254,68.8221,64.0
255,65.31132,64.0
256,61.91029,64.0
257,59.35704,64.0
258,64.58698,64.0
259,68.90539,64.0
260,61.22307,64.0
261,63.11661,64.0
262,65.76351,64.0
263,66.95979,64.0
264,77.45956,72.0
265,68.53283,72.0
266,72.91852,72.0
267,74.69968,72.0
268,79.78641,72.0
269,66.95491,72.0
270,75.60642,72.0
271,75.51138,72.0
272,74.32013,72.0
273,70.70737,72.0
274,76.82527,72.0
275,71.76233,72.0
276,70.88226,72.0
277,69.37958,72.0
278,73.28941,72.0
279,72.49831,72.0
280,71.0885,72.0
281,64.7395,72.0
282,72.78889,72.0
283,71.72503,72.0
284,70.59719,72.0
285,73.42655,72.0
286,79.73719,80.0
287,81.06063,80.0
288,84.16935,80.0
289,76.01237,80.0
290,75.60021,80.0
291,83.08401,80.0
292,74.93596,80.0
293,70.87147,80.0
294,72.74739,80.0
295,82.39477,80.0
296,84.79441,80.0
297,79.94023,80.0
298,84.98327,80.0
299,79.78837,80.0
