4.58866
8.77955
4.68502
8.11592
6.9935
5.4899
12.17435
8.39519
6.18532
1.9056
13.75492
13.80468
11.48038
16.37908
19.83594
11.42383
16.04197
15.58172
12.37501
10.41874
18.12555
10.33111
16.955
15.10194
18.28869
21.17999
27.20531
21.21515
19.04325
24.20518
20.19513
20.75319
23.74832
25.08757
24.18117
25.50436
26.81518
23.97166
21.29284
26.37492
29.48749
30.27965
33.38996
32.15135
35.74803
32.90454
28.99731
32.86307
34.77919
27.19685
33.88691
31.37805
38.30413
28.23364
35.27244
32.00954
30.06647
28.84317
29.93967
32.27456
30.86491
32.90148
29.25131
36.35191
35.74812
29.37113
28.20282
32.9771
31.11343
27.79347
28.65156
33.22677
33.46863
26.60743
30.11366
38.53602
35.58483
34.18246
32.62332
34.09671
32.02164
31.76579
30.10747
35.289
36.13319
30.2548
34.23716
31.51949
34.74614
32.25191
30.54108
27.84098
31.97222
37.44749
32.70868
26.79791
37.64581
36.49837
34.60911
29.99433
28.81299
35.94365
32.75453
26.90196
26.88676
28.54244
31.12711
35.20791
38.68081
36.1
36.64835
37.53848
37.20779
38.44321
40.01069
38.18733
33.833
33.95268
38.33843
36.78096
30.78146
38.93963
36.37081
35.56686
30.02186
39.69791
37.21302
36.30951
32.06672
35.79971
42.38034
32.12932
31.79967
30.02199
35.19791
36.41341
33.7553
42.0101
34.09837
37.50787
36.2584
37.69907
36.41185
43.89554
51.67772
39.15381
40.86387
46.38976
44.85009
41.08158
45.51563
48.94664
43.74795
37.24984
43.46864
42.73329
41.41591
39.84379
46.29085
48.15447
46.90517
41.9775
46.04642
44.52233
47.87144
40.46395
44.39091
47.58277
44.88858
40.95874
44.14062
51.37062
41.50586
45.22272
44.73913
49.11832
43.17539
43.78206
39.05956
45.4778
44.11566
46.71141
49.93264
50.28142
56.05012
50.19411
53.43255
51.61554
51.36067
53.36559
50.10385
52.3194
53.81188
55.63833
53.39183
50.48743
52.10363
56.0456
54.79655
63.31993
62.16634
62.61593
58.23594
59.48968
61.09752
64.55934
57.15718
54.67553
58.97141
64.49127
59.38863
55.39182
55.44801
56.58806
56.9542
58.47621
60.6431
65.07378
60.65502
64.96316
57.61346
56.68128
60.5945
67.33768
60.95973
57.53435
64.79503
62.03658
58.40592
61.36289
64.24659
56.59198
53.43764
62.42497
63.54261
60.10264
60.49598
58.37904
68.06719
58.86063
58.18405
63.79904
61.59889
60.30233
59.57485
61.73102
62.63304
56.57354
57.15811
57.48632
60.53027
63.56673
55.39989
59.62442
56.37205
57.26068
60.11639
63.34103
63.13129
61.60714
60.29421
59.27728
55.33526
64.57983
57.23861
59.65125
61.94625
61.28014
57.60651
62.42891
54.16695
67.79277
61.01841
58.07857
64.3452
72.87115
63.24426
56.61125
58.30866
65.7208
67.70212
59.92391
58.99453
70.74924
66.62836
57.88684
62.45063
68.79641
55.44357
58.12826
58.8423
62.58945
65.17803
62.16556
62.89291
66.05692
66.22308
58.62098
66.60649
65.02714
