6.26038
9.08678
7.02446
7.23501
5.45364
9.77735
7.61411
8.43721
5.35584
10.8495
18.56353
15.83934
16.33229
14.43933
19.53256
14.58818
14.81302
17.20048
17.30194
15.82968
14.16804
18.44469
18.37087
15.63414
15.36024
16.66132
16.59453
14.54073
14.35983
14.63121
19.42212
17.32516
15.98518
15.69433
14.35496
19.25834
14.46075
23.67191
24.3766
24.46833
23.76104
23.53113
23.4115
25.093
27.50262
21.67171
23.64005
25.85954
23.61934
31.03284
34.70026
34.98788
33.55289
32.52602
31.14377
31.43148
30.35437
32.4667
32.08563
34.79265
32.68132
31.31878
27.4141
29.95005
34.12627
33.80323
29.22487
32.44505
35.74813
30.16253
32.97312
32.2966
29.92725
29.12174
26.46378
31.85081
35.08662
28.16172
30.07899
34.07088
33.15344
28.58749
32.18434
34.31842
39.47048
37.76489
31.68248
36.75927
37.20314
36.87064
36.20953
35.14071
38.59011
37.86064
36.30145
32.35381
37.70912
36.8456
41.83292
44.14746
46.39085
43.88561
43.54425
43.88627
43.43452
42.13288
44.40311
41.60827
44.47331
47.28046
44.76749
42.89406
45.81762
47.80181
43.35452
43.55063
43.22148
46.03809
47.60472
41.05094
45.66418
43.0265
46.93631
38.77729
40.93284
43.90864
45.03887
45.23153
40.99449
47.11379
45.20194
43.24672
39.93668
45.79582
48.03414
41.2806
46.357
42.82606
46.24628
43.92225
42.35428
43.60163
46.56395
46.28691
41.15191
49.04888
54.05136
50.9868
48.83993
50.3131
54.71615
55.49465
47.27901
50.40661
51.23644
50.65252
51.58908
49.7141
51.83737
54.2208
49.94278
50.34788
50.40612
56.1404
52.22254
48.94246
56.72328
61.09622
57.46476
57.86367
61.87372
58.89802
61.26958
58.74361
56.84304
61.30513
64.42678
63.79528
65.28768
65.64662
65.36119
65.82283
65.92905
65.48916
67.253
63.81115
63.71225
64.1933
64.84657
62.81366
60.49846
65.15449
65.38972
64.07607
64.26886
61.66284
65.09627
65.942
63.15049
66.93748
65.05102
66.81789
61.87308
62.94764
66.1169
66.18612
61.35356
60.12753
65.12737
64.51777
63.06887
63.43364
62.99041
64.30118
63.66753
60.43295
61.33762
64.34
65.65364
62.91375
63.26616
65.68694
63.17746
63.07133
71.93623
70.87166
77.21399
70.47442
70.33879
73.32742
75.15612
73.57207
73.74629
72.70758
72.18116
72.2177
71.03271
71.6823
72.02999
69.96704
73.02308
71.71566
74.83804
69.79214
69.25906
72.05355
74.55682
80.97084
77.55202
78.77503
84.20564
81.69466
80.10393
81.37198
81.80572
79.476
78.9688
79.38263
78.54172
79.03546
80.66174
80.39292
81.27672
85.51687
82.99636
77.05487
79.22587
80.96575
79.46334
79.55891
78.08546
81.26879
80.70601
76.8493
86.10634
88.12394
84.6268
84.34579
88.26716
89.64366
90.96137
87.0473
84.75482
89.45984
88.34849
83.19394
85.87281
88.61991
95.89301
96.65416
94.93908
100.13095
97.71502
93.16113
94.49033
100.81989
97.08284
96.75877
92.74899
95.1239
