3.18278
7.15918
11.65363
5.17027
7.7043
7.78695
6.14596
8.67421
9.39087
10.63832
8.73345
8.41298
13.86022
10.92484
7.42566
5.42387
6.11447
10.96636
6.71306
17.3472
17.10278
19.3091
14.40336
15.27988
13.44827
18.90964
18.34163
16.78055
14.163
15.62061
19.97851
12.7716
13.58086
17.44465
13.98268
16.13367
11.25772
11.68957
20.54027
20.65072
28.11409
22.3402
23.62363
26.26329
24.88528
18.66496
26.49856
27.06911
24.82395
25.34086
22.82781
22.75324
23.80332
24.46536
27.91867
24.55917
21.98062
26.26712
19.19573
18.5611
22.76399
20.82801
21.67875
26.37297
24.01984
19.47264
20.53319
24.30109
21.76716
22.37203
23.75707
24.69946
25.47061
18.92484
26.68231
35.9705
32.66257
34.99587
31.40931
30.71297
33.84348
32.9122
28.94371
27.29442
37.73057
32.61551
30.9225
32.32049
34.6521
34.28873
27.06918
29.81043
31.61702
31.32769
30.1704
33.43599
35.20211
31.46187
32.77458
34.53056
26.40704
39.01668
37.3359
37.96287
43.1601
35.47321
35.10837
36.88247
39.6719
36.64341
37.69748
35.84332
38.10124
36.91101
41.7005
35.83969
34.47868
35.06701
37.52853
38.35475
32.81363
35.85907
35.73134
37.32262
34.73513
39.00125
37.30083
48.3175
45.00894
46.85557
44.60868
44.69559
44.70585
39.85777
45.57321
44.09487
41.21637
43.68833
42.74899
43.69756
43.50483
43.4161
54.32471
52.96177
48.85037
50.04782
53.63235
51.4395
48.93649
50.48001
52.62327
55.60263
48.27554
49.62256
56.65592
59.55073
51.11418
50.99883
49.26649
54.33197
51.66649
48.81253
50.38233
51.1761
54.39292
51.84235
48.01881
56.15058
53.35341
54.93293
49.92008
51.23482
52.74542
47.19323
48.31886
52.82765
54.13181
54.82375
53.52938
52.98965
53.97765
58.15143
56.69233
60.86286
64.27338
66.15765
60.65162
64.51281
70.27629
65.45155
58.31525
61.78732
64.05751
66.57937
62.06649
66.88996
58.58195
60.01182
61.91081
64.22298
62.92245
69.98361
63.63523
62.79662
64.37986
66.38456
63.96121
59.78738
66.12477
69.16423
61.01393
64.78516
65.80383
66.45051
57.28837
62.74952
71.98636
74.56294
76.85459
64.29246
67.85544
72.00096
71.28965
69.90875
70.93044
70.74682
75.56724
74.32633
74.2332
73.98048
71.7043
69.14285
71.55583
77.78913
77.48541
72.11942
71.55625
69.83094
72.07681
72.91125
69.04167
69.68774
79.65028
73.6502
69.25472
80.95444
84.9297
81.2215
78.56896
81.80448
82.89598
81.12395
80.01642
80.22295
84.80468
81.97617
81.70541
76.69054
79.68222
81.39407
80.07707
82.82927
80.66339
77.75859
78.14391
76.11619
84.63498
84.80739
75.9786
79.46914
81.24237
81.99779
80.02566
77.50722
79.43488
80.01543
83.25917
79.48146
79.52307
76.72557
78.52052
80.31265
78.35704
83.90915
83.62166
78.94932
79.13488
79.2348
81.33715
83.90787
81.66969
82.21138
80.25199
79.86836
78.03931
83.68766
81.40689
79.63164
78.83628
87.04892
