7.82425
7.45859
7.67922
15.61335
9.76405
8.43994
9.52156
0.10448
3.21818
9.40355
7.31219
2.05939
3.53957
2.95516
15.64418
5.00408
12.50297
13.99194
13.59449
14.1247
8.21714
12.73705
15.16048
7.64708
5.37533
5.23635
18.62868
4.50265
12.61102
10.00604
23.37855
20.76686
14.17329
5.44905
19.53747
20.914
23.07708
26.56758
27.66228
27.42736
24.01172
19.02391
28.32798
24.04729
21.59358
15.06349
26.81104
28.93185
36.68686
32.84465
33.51522
32.53856
34.65039
28.91479
35.48841
33.94495
37.88291
29.49708
38.83785
37.93227
36.55579
31.15772
31.23392
29.76126
33.34598
35.8303
40.26788
40.93998
29.09003
38.91834
34.88967
36.42333
43.8993
32.63165
34.69079
44.209
29.2289
40.23251
35.55222
34.03158
40.10357
43.14214
47.7645
48.15711
52.10525
41.81406
42.70717
43.54098
43.38018
46.70093
46.13386
42.13778
44.68015
42.57502
44.82526
51.70697
43.08668
44.56846
42.45286
53.36806
51.64641
52.64613
48.37065
55.15082
49.9813
60.22943
51.56846
46.0541
51.29058
55.06579
54.85837
60.3726
59.70525
59.55899
61.30754
60.19454
56.98609
62.17648
54.89249
59.0461
60.18695
64.99868
57.5237
62.44915
60.92305
61.21358
66.29618
52.95143
59.42634
65.27322
57.42959
57.84603
53.3924
53.16233
66.56299
68.84491
63.08947
65.05435
63.33538
67.99927
60.34431
58.90032
70.73257
67.56118
62.52884
64.97169
73.71292
61.58481
60.11072
63.64705
62.8851
62.07296
65.48887
69.35574
58.28801
62.04374
62.11884
63.53084
62.34216
68.75581
64.5131
66.18459
65.98205
67.05974
61.50655
68.27755
57.42859
56.97223
64.70803
54.46035
77.29306
77.28679
73.88676
72.11165
66.98745
72.04694
80.75131
71.65135
70.24811
74.98179
75.6938
75.12057
70.95728
76.09539
68.45698
74.99507
74.08189
73.07606
76.21395
73.73589
66.5659
69.88802
74.97303
72.79896
65.09146
64.51281
76.22749
79.31568
76.58221
79.77794
81.46134
76.95973
75.68645
80.88831
87.43938
79.03433
76.46719
76.29751
76.78295
76.15189
75.78939
74.36354
91.24802
80.71042
73.70614
83.38885
76.07832
86.91641
86.202
83.53058
75.61701
83.95119
77.94581
85.57451
71.85185
84.19622
80.9554
87.25651
77.00758
81.8252
80.49616
83.57341
81.94017
86.7851
77.57116
81.47116
75.78347
82.83794
78.28735
80.33541
79.19305
79.28115
81.18801
82.94154
76.31483
73.14126
82.92455
83.28111
81.81001
81.26789
86.84404
75.39976
76.8069
73.65762
79.45387
75.91005
80.98985
74.30269
78.76401
86.35394
84.09963
83.06848
80.6676
82.52508
83.08914
76.20409
72.75475
78.56125
83.97825
73.14684
79.64582
87.47548
88.64552
84.5868
90.64182
90.30934
97.51283
95.64061
96.00271
98.15835
90.9797
96.38095
89.43447
90.35528
93.09699
98.9208
90.55098
99.1886
89.97528
95.14041
89.73325
96.70627
103.56761
98.6678
91.03727
96.48064
98.82141
96.36014
96.17981
102.30968
