8.00446
10.4657
9.784
4.10931
13.56947
7.46103
16.22966
1.78915
1.43923
1.0926
10.7725
4.7569
6.13482
6.02409
12.49402
8.97411
13.16942
14.62193
8.13954
0.44037
11.36831
8.91245
12.05703
10.52677
9.82161
-1.77283
12.33312
5.47774
5.45238
3.43852
9.78252
4.10528
11.60238
8.38806
3.69316
9.45521
13.60207
9.73701
4.24442
7.93892
8.86499
8.28321
11.1519
9.55129
5.39562
7.30176
17.13057
11.27388
16.2214
14.22635
14.01391
19.57711
19.38285
13.64336
16.30188
21.87452
15.06054
12.56184
19.09962
19.04238
17.64677
18.54809
18.27754
18.80674
10.78734
17.28991
15.1332
15.86271
13.8217
15.04008
16.40752
16.92439
17.29773
14.57345
16.49197
15.36713
16.96433
18.59551
10.81638
19.60922
30.05786
24.20934
19.67639
23.9337
17.81826
34.52238
27.17564
26.6727
30.13835
31.54837
29.26482
35.48725
35.49529
34.85669
34.73658
29.94812
32.913
33.30119
32.64479
29.22973
36.67308
35.2712
37.48499
37.17743
33.70857
42.07606
34.62137
37.82739
31.09377
37.67833
29.39729
28.24984
31.4971
36.90202
30.81157
29.83357
32.58139
43.20525
35.79131
35.27281
37.44585
40.12427
32.46942
38.52406
32.37951
35.5796
43.70862
31.34535
36.29741
41.59239
32.57703
35.25705
39.89634
35.25669
34.11032
36.07965
41.93444
48.16289
46.40857
42.57596
44.50461
50.10985
52.37119
41.09765
53.39574
48.46692
49.08066
53.84274
54.69353
50.44871
49.54762
49.83389
46.79991
53.92765
52.10249
51.0802
52.04665
52.55755
56.69451
52.88827
57.0392
50.78431
50.36656
52.46184
49.10069
43.78359
51.30823
53.59491
57.73502
60.1286
63.09745
59.91123
63.02572
53.10127
55.26579
56.12873
57.79334
56.34995
54.24021
62.78431
67.27549
63.28026
60.2571
68.22145
72.15028
62.73427
67.13101
61.54224
69.12197
61.90607
63.37902
58.36788
70.93413
72.96721
62.1195
70.66078
71.28532
76.26825
72.92184
75.54983
71.62722
73.0598
73.21304
75.96963
70.84893
71.60039
75.59409
70.03904
66.94119
73.37268
70.73733
76.92281
70.50962
71.83646
74.55464
63.92909
70.92413
70.49199
68.84507
67.45388
75.55909
72.6162
73.08688
65.28696
70.64616
72.41723
73.59213
69.54745
68.49855
74.12057
72.67098
74.33953
68.97549
75.13904
75.32117
76.77936
65.62346
75.47521
71.98476
70.70846
66.10781
68.80012
71.38906
71.36548
73.57682
63.71188
82.5443
65.91657
65.13485
69.74684
79.23302
80.20405
80.60374
77.45971
85.7155
77.56756
82.15703
77.66296
80.17242
80.0988
82.10941
79.38402
83.40948
84.7908
83.16012
78.25785
74.92087
84.44971
82.3487
81.38638
77.84164
83.91805
77.95249
76.85308
81.59772
79.82726
75.90769
77.2008
83.91487
84.96828
77.73225
77.40816
76.07361
74.93891
81.47563
76.68327
73.6763
83.36322
77.83916
80.30383
84.19694
88.63962
87.89923
88.16278
85.19609
90.08977
88.14344
88.44069
80.96168
86.04983
