0,8.00446,8.0
1,10.4657,8.0
2,9.784,8.0
3,4.10931,8.0
4,13.56947,8.0
5,7.46103,8.0
6,16.22966,8.0
7,1.78915,8.0
8,1.43923,8.0
9,1.0926,8.0
10,10.7725,8.0
11,4.7569,8.0
12,6.13482,8.0
13,6.02409,8.0
14,12.49402,8.0
15,8.97411,8.0
16,13.16942,8.0
17,14.62193,8.0
18,8.13954,8.0
19,0.44037,8.0
20,11.36831,8.0
21,8.91245,8.0
22,12.05703,8.0
23,10.52677,8.0
24,9.82161,8.0
25,-1.77283,8.0
26,12.33312,8.0
27,5.47774,8.0
28,5.45238,8.0
29,3.43852,8.0
30,9.78252,8.0
31,4.10528,8.0
32,11.60238,8.0
33,8.38806,8.0
34,3.69316,8.0
35,9.45521,8.0
36,13.60207,8.0
37,9.73701,8.0
38,4.24442,8.0
39,7.93892,8.0
40,8.86499,8.0
41,8.28321,8.0
42,11.1519,8.0
43,9.55129,8.0
44,5.39562,8.0
45,7.30176,16.0
46,17.13057,16.0
47,11.27388,16.0
48,16.2214,16.0
49,14.22635,16.0
50,14.01391,16.0
51,19.57711,16.0
52,19.38285,16.0
53,13.64336,16.0
54,16.30188,16.0
55,21.87452,16.0
56,15.06054,16.0
57,12.56184,16.0
58,19.09962,16.0
59,19.04238,16.0
60,17.64677,16.0
61,18.54809,16.0
62,18.27754,16.0
63,18.80674,16.0
64,10.78734,16.0
65,17.28991,16.0
66,15.1332,16.0
67,15.86271,16.0
68,13.8217,16.0
69,15.04008,16.0
70,16.40752,16.0
71,16.92439,16.0
72,17.29773,16.0
73,14.57345,16.0
74,16.49197,16.0
75,15.36713,16.0
76,16.96433,16.0
77,18.59551,16.0
78,10.81638,16.0
79,19.60922,24.0
80,30.05786,24.0
81,24.20934,24.0
82,19.67639,24.0
83,23.9337,24.0
84,17.81826,24.0
85,34.52238,32.0
86,27.17564,32.0
87,26.6727,32.0
88,30.13835,32.0
89,31.54837,32.0
90,29.26482,32.0
91,35.48725,32.0
92,35.49529,32.0
93,34.85669,32.0
94,34.73658,32.0
95,29.94812,32.0
96,32.913,32.0
97,33.30119,32.0
98,32.64479,32.0
99,29.22973,32.0
100,36.67308,32.0
101,35.2712,36.0
102,37.48499,36.0
103,37.17743,36.0
104,33.70857,36.0
105,42.07606,36.0
106,34.62137,36.0
107,37.82739,36.0
108,31.09377,36.0
109,37.67833,36.0
110,29.39729,36.0
111,28.24984,36.0
112,31.4971,36.0
113,36.90202,36.0
114,30.81157,36.0
115,29.83357,36.0
116,32.58139,36.0
117,43.20525,36.0
118,35.79131,36.0
119,35.27281,36.0
120,37.44585,36.0
121,40.12427,36.0
122,32.46942,36.0
123,38.52406,36.0
124,32.37951,36.0
125,35.5796,36.0
126,43.70862,36.0
127,31.34535,36.0
128,36.29741,36.0
129,41.59239,36.0
130,32.57703,36.0
131,35.25705,36.0
132,39.89634,36.0
133,35.25669,36.0
134,34.11032,36.0
135,36.07965,36.0
136,41.93444,44.0
137,48.16289,44.0
138,46.40857,44.0
139,42.57596,44.0
140,44.50461,44.0
141,50.10985,44.0
142,52.37119,44.0
143,41.09765,44.0
144,53.39574,52.0
145,48.46692,52.0
146,49.08066,52.0
147,53.84274,52.0
148,54.69353,52.0
149,50.44871,52.0
150,49.54762,52.0
151,49.83389,52.0
152,46.79991,52.0
153,53.92765,52.0
154,52.10249,52.0
155,51.0802,52.0
156,52.04665,52.0
157,52.55755,52.0
158,56.69451,52.0
159,52.88827,52.0
160,57.0392,52.0
161,50.78431,52.0
162,50.36656,52.0
163,52.46184,52.0
164,49.10069,52.0
165,43.78359,52.0
166,51.30823,52.0
167,53.59491,52.0
168,57.73502,60.0
169,60.1286,60.0
170,63.09745,60.0
171,59.91123,60.0
172,63.02572,60.0
173,53.10127,60.0
174,55.26579,60.0
175,56.12873,60.0
176,57.79334,60.0
177,56.34995,60.0
178,54.24021,60.0
179,62.78431,60.0
180,67.27549,60.0
181,63.28026,60.0
182,60.2571,60.0
183,68.22145,64.0
184,72.15028,64.0
185,62.73427,64.0
186,67.13101,64.0
187,61.54224,64.0
188,69.12197,64.0
189,61.90607,64.0
190,63.37902,64.0
191,58.36788,64.0
192,70.93413,64.0
193,72.96721,64.0
194,62.1195,64.0
195,70.66078,64.0
196,71.28532,72.0
197,76.26825,72.0
198,72.92184,72.0
199,75.54983,72.0
200,71.62722,72.0
201,73.0598,72.0
202,73.21304,72.0
203,75.96963,72.0
204,70.84893,72.0
205,71.60039,72.0
206,75.59409,72.0
207,70.03904,72.0
208,66.94119,72.0
209,73.37268,72.0
210,70.73733,72.0
211,76.92281,72.0
212,70.50962,72.0
213,71.83646,72.0
214,74.55464,72.0
215,63.92909,72.0
216,70.92413,72.0
217,70.49199,72.0
218,68.84507,72.0
219,67.45388,72.0
220,75.55909,72.0
221,72.6162,72.0
222,73.08688,72.0
223,65.28696,72.0
224,70.64616,72.0
225,72.41723,72.0
226,73.59213,72.0
227,69.54745,72.0
228,68.49855,72.0
229,74.12057,72.0
230,72.67098,72.0
231,74.33953,72.0
232,68.97549,72.0
233,75.13904,72.0
234,75.32117,72.0
235,76.77936,72.0
236,65.62346,72.0
237,75.47521,72.0
238,71.98476,72.0
239,70.70846,72.0
240,66.10781,72.0
241,68.80012,72.0
242,71.38906,72.0
243,71.36548,72.0
244,73.57682,72.0
245,63.71188,72.0
246,82.5443,72.0
247,65.91657,72.0
248,65.13485,72.0
249,69.74684,72.0
250,79.23302,72.0
251,80.20405,80.0
252,80.60374,80.0
253,77.45971,80.0
254,85.7155,80.0
255,77.56756,80.0
256,82.15703,80.0
257,77.66296,80.0
258,80.17242,80.0
259,80.0988,80.0
260,82.10941,80.0
261,79.38402,80.0
262,83.40948,80.0
263,84.7908,80.0
264,83.16012,80.0
265,78.25785,80.0
266,74.92087,80.0
267,84.44971,80.0
268,82.3487,80.0
269,81.38638,80.0
270,77.84164,80.0
271,83.91805,80.0
272,77.95249,80.0
273,76.85308,80.0
274,81.59772,80.0
275,79.82726,80.0
276,75.90769,80.0
277,77.2008,80.0
278,83.91487,80.0
279,84.96828,80.0
280,77.73225,80.0
281,77.40816,80.0
282,76.07361,80.0
283,74.93891,80.0
284,81.47563,80.0
285,76.68327,80.0
286,73.6763,80.0
287,83.36322,80.0
288,77.83916,80.0
289,80.30383,80.0
290,84.19694,88.0
291,88.63962,88.0
292,87.89923,88.0
293,88.16278,88.0
294,85.19609,88.0
295,90.08977,88.0
296,88.14344,88.0
297,88.44069,88.0
298,80.96168,88.0
299,86.04983,88.0
