0,6.26038,8.0
1,9.08678,8.0
2,7.02446,8.0
3,7.23501,8.0
4,5.45364,8.0
5,9.77735,8.0
6,7.61411,8.0
7,8.43721,8.0
8,5.35584,8.0
9,10.8495,8.0
10,18.56353,16.0
11,15.83934,16.0
12,16.33229,16.0
13,14.43933,16.0
14,19.53256,16.0
15,14.58818,16.0
16,14.81302,16.0
17,17.20048,16.0
18,17.30194,16.0
19,15.82968,16.0
20,14.16804,16.0
21,18.44469,16.0
22,18.37087,16.0
23,15.63414,16.0
24,15.36024,16.0
25,16.66132,16.0
26,16.59453,16.0
27,14.54073,16.0
28,14.35983,16.0
29,14.63121,16.0
30,19.42212,16.0
31,17.32516,16.0
32,15.98518,16.0
33,15.69433,16.0
34,14.35496,16.0
35,19.25834,16.0
36,14.46075,16.0
37,23.67191,24.0
38,24.3766,24.0
39,24.46833,24.0
40,23.76104,24.0
41,23.53113,24.0
42,23.4115,24.0
43,25.093,24.0
44,27.50262,24.0
45,21.67171,24.0
46,23.64005,24.0
47,25.85954,24.0
48,23.61934,24.0
49,31.03284,32.0
50,34.70026,32.0
51,34.98788,32.0
52,33.55289,32.0
53,32.52602,32.0
54,31.14377,32.0
55,31.43148,32.0
56,30.35437,32.0
57,32.4667,32.0
58,32.08563,32.0
59,34.79265,32.0
60,32.68132,32.0
61,31.31878,32.0
62,27.4141,32.0
63,29.95005,32.0
64,34.12627,32.0
65,33.80323,32.0
66,29.22487,32.0
67,32.44505,32.0
68,35.74813,32.0
69,30.16253,32.0
70,32.97312,32.0
71,32.2966,32.0
72,29.92725,32.0
73,29.12174,32.0
74,26.46378,32.0
75,31.85081,32.0
76,35.08662,32.0
77,28.16172,32.0
78,30.07899,32.0
79,34.07088,32.0
80,33.15344,32.0
81,28.58749,32.0
82,32.18434,32.0
83,34.31842,36.0
84,39.47048,36.0
85,37.76489,36.0
86,31.68248,36.0
87,36.75927,36.0
88,37.20314,36.0
89,36.87064,36.0
90,36.20953,36.0
91,35.14071,36.0
92,38.59011,36.0
93,37.86064,36.0
94,36.30145,36.0
95,32.35381,36.0
96,37.70912,36.0
97,36.8456,36.0
98,41.83292,44.0
99,44.14746,44.0
100,46.39085,44.0
101,43.88561,44.0
102,43.54425,44.0
103,43.88627,44.0
104,43.43452,44.0
105,42.13288,44.0
106,44.40311,44.0
107,41.60827,44.0
108,44.47331,44.0
109,47.28046,44.0
110,44.76749,44.0
111,42.89406,44.0
112,45.81762,44.0
113,47.80181,44.0
114,43.35452,44.0
115,43.55063,44.0
116,43.22148,44.0
117,46.03809,44.0
118,47.60472,44.0
119,41.05094,44.0
120,45.66418,44.0
121,43.0265,44.0
122,46.93631,44.0
123,38.77729,44.0
124,40.93284,44.0
125,43.90864,44.0
126,45.03887,44.0
127,45.23153,44.0
128,40.99449,44.0
129,47.11379,44.0
130,45.20194,44.0
131,43.24672,44.0
132,39.93668,44.0
133,45.79582,44.0
134,48.03414,44.0
135,41.2806,44.0
136,46.357,44.0
137,42.82606,44.0
138,46.24628,44.0
139,43.92225,44.0
140,42.35428,44.0
141,43.60163,44.0
142,46.56395,44.0
143,46.28691,44.0
144,41.15191,44.0
145,49.04888,52.0
146,54.05136,52.0
147,50.9868,52.0
148,48.83993,52.0
149,50.3131,52.0
150,54.71615,52.0
151,55.49465,52.0
152,47.27901,52.0
153,50.40661,52.0
154,51.23644,52.0
155,50.65252,52.0
156,51.58908,52.0
157,49.7141,52.0
158,51.83737,52.0
159,54.2208,52.0
160,49.94278,52.0
161,50.34788,52.0
162,50.40612,52.0
163,56.1404,52.0
164,52.22254,52.0
165,48.94246,52.0
166,56.72328,52.0
167,61.09622,60.0
168,57.46476,60.0
169,57.86367,60.0
170,61.87372,60.0
171,58.89802,60.0
172,61.26958,60.0
173,58.74361,60.0
174,56.84304,60.0
175,61.30513,60.0
176,64.42678,64.0
177,63.79528,64.0
178,65.28768,64.0
179,65.64662,64.0
180,65.36119,64.0
181,65.82283,64.0
182,65.92905,64.0
183,65.48916,64.0
184,67.253,64.0
185,63.81115,64.0
186,63.71225,64.0
187,64.1933,64.0
188,64.84657,64.0
189,62.81366,64.0
190,60.49846,64.0
191,65.15449,64.0
192,65.38972,64.0
193,64.07607,64.0
194,64.26886,64.0
195,61.66284,64.0
196,65.09627,64.0
197,65.942,64.0
198,63.15049,64.0
199,66.93748,64.0
200,65.05102,64.0
201,66.81789,64.0
202,61.87308,64.0
203,62.94764,64.0
204,66.1169,64.0
205,66.18612,64.0
206,61.35356,64.0
207,60.12753,64.0
208,65.12737,64.0
209,64.51777,64.0
210,63.06887,64.0
211,63.43364,64.0
212,62.99041,64.0
213,64.30118,64.0
214,63.66753,64.0
215,60.43295,64.0
216,61.33762,64.0
217,64.34,64.0
218,65.65364,64.0
219,62.91375,64.0
220,63.26616,64.0
221,65.68694,64.0
222,63.17746,64.0
223,63.07133,64.0
224,71.93623,72.0
225,70.87166,72.0
226,77.21399,72.0
227,70.47442,72.0
228,70.33879,72.0
229,73.32742,72.0
230,75.15612,72.0
231,73.57207,72.0
232,73.74629,72.0
233,72.70758,72.0
234,72.18116,72.0
235,72.2177,72.0
236,71.03271,72.0
237,71.6823,72.0
238,72.02999,72.0
239,69.96704,72.0
240,73.02308,72.0
241,71.71566,72.0
242,74.83804,72.0
243,69.79214,72.0
244,69.25906,72.0
245,72.05355,72.0
246,74.55682,72.0
247,80.97084,80.0
248,77.55202,80.0
249,78.77503,80.0
250,84.20564,80.0
251,81.69466,80.0
252,80.10393,80.0
253,81.37198,80.0
254,81.80572,80.0
255,79.476,80.0
256,78.9688,80.0
257,79.38263,80.0
258,78.54172,80.0
259,79.03546,80.0
260,80.66174,80.0
261,80.39292,80.0
262,81.27672,80.0
263,85.51687,80.0
264,82.99636,80.0
265,77.05487,80.0
266,79.22587,80.0
267,80.96575,80.0
268,79.46334,80.0
269,79.55891,80.0
270,78.08546,80.0
271,81.26879,80.0
272,80.70601,80.0
273,76.8493,80.0
274,86.10634,88.0
275,88.12394,88.0
276,84.6268,88.0
277,84.34579,88.0
278,88.26716,88.0
279,89.64366,88.0
280,90.96137,88.0
281,87.0473,88.0
282,84.75482,88.0
283,89.45984,88.0
284,88.34849,88.0
285,83.19394,88.0
286,85.87281,88.0
287,88.61991,88.0
288,95.89301,96.0
289,96.65416,96.0
290,94.93908,96.0
291,100.13095,96.0
292,97.71502,96.0
293,93.16113,96.0
294,94.49033,96.0
295,100.81989,96.0
296,97.08284,96.0
297,96.75877,96.0
298,92.74899,96.0
299,95.1239,96.0
