10.53239
5.97432
-0.11401
10.34892
8.25113
10.32485
4.25672
5.06863
4.39272
4.8476
5.55924
11.71077
5.28008
19.95997
11.73025
5.54735
11.0482
16.51504
21.34777
7.34179
-1.58043
7.47933
9.81447
2.22163
8.71241
-1.52245
18.97717
13.83539
7.05982
12.74206
20.0167
21.24238
13.58768
11.23918
18.93342
8.81569
16.93064
17.00295
21.53201
20.97648
11.7361
16.08826
15.35535
17.56843
7.97146
11.55693
13.14085
9.71685
20.6215
16.97172
13.31527
23.93024
1.20327
3.05935
17.57422
18.55576
24.04131
13.96261
6.99328
17.49683
12.48703
16.26493
12.6998
11.62626
14.57206
25.43181
10.88803
12.8425
24.01511
23.18479
8.12913
11.67079
25.05576
12.94828
11.44374
16.55957
21.32344
20.25582
14.36493
26.79733
24.19793
10.82678
23.38485
20.97986
21.30063
3.65933
10.5482
15.47755
23.15034
13.81533
18.73552
14.64289
15.45334
25.41674
20.05971
27.55546
19.8834
22.51638
8.97406
19.36313
17.49861
20.73203
20.34273
9.11128
21.66426
12.64253
18.37881
18.74285
23.48058
28.8963
29.91952
21.21345
33.12715
20.35647
11.37523
25.99376
12.3795
32.6516
29.52583
13.4305
16.87231
31.02933
24.41788
20.79417
21.48274
25.1714
18.44117
23.05267
17.55542
17.37598
18.29807
17.68255
21.71544
33.4683
31.43818
29.98862
33.62859
20.84646
33.03285
28.25235
19.41771
33.28592
34.99873
22.94405
31.39696
24.44388
31.89962
21.22541
31.08921
25.15016
43.70872
33.49192
37.29774
25.22803
26.63659
42.67596
38.45792
33.64466
40.93583
51.84595
39.59244
40.3754
40.08273
42.305
32.68517
46.11481
33.40868
47.78643
37.21703
29.01619
39.50645
51.0646
56.20442
54.06266
49.81934
47.53728
48.56613
48.70605
57.2323
53.0082
39.43233
56.97587
58.54788
51.97963
63.53474
61.49232
64.34781
71.30706
71.49275
81.7805
70.07884
75.72096
71.67332
75.7722
70.57239
80.66237
75.06043
76.11728
71.85065
75.29094
78.34192
77.70236
81.60101
75.46762
74.88912
90.64229
73.1712
74.84317
85.43738
83.15549
79.00803
83.84593
88.48424
91.04257
77.99659
90.75117
81.85738
92.30505
88.2737
89.54389
92.30418
83.40769
93.02869
77.08524
90.77954
91.44302
90.54106
88.3335
83.20922
88.06723
89.75046
76.938
82.91913
84.65013
86.3073
86.83164
87.24232
89.95627
86.31003
83.99198
86.51852
87.60114
86.73446
84.20533
84.10364
98.1358
76.22708
83.56546
94.22139
88.5063
90.48099
92.60468
96.54525
81.38338
94.49716
99.091
95.71981
91.81568
92.10479
94.533
98.5025
100.9842
97.23791
99.35048
99.97361
106.31933
109.58088
113.09759
97.13325
99.27333
95.29066
106.50836
98.36932
108.60372
103.49216
107.93167
103.44256
94.8955
98.43788
111.78472
107.83297
113.0815
104.92523
119.61237
124.77054
110.21322
114.24773
109.10743
108.6451
111.897
113.94058
118.7393
103.94157
116.44351
104.43792
104.42118
117.62731
113.6439
121.84343
121.95636
