14.13946
12.59549
3.05105
13.53665
2.28764
12.02701
2.29093
13.62447
9.80932
6.78765
0.64591
12.33734
8.71231
10.94607
13.19633
13.52752
7.85016
2.82456
4.51033
10.74076
13.28167
20.25548
20.94146
17.38154
16.85108
22.40735
20.5364
19.23102
22.00173
22.14564
18.46108
12.70931
12.97224
21.56904
14.56498
15.96209
17.85981
13.824
15.3372
27.68998
12.5998
15.95101
16.17968
15.61472
11.8753
15.1118
15.32307
16.36386
6.01957
20.39475
16.39725
19.64869
8.44812
20.03942
18.64375
12.89825
20.35241
17.72712
17.41538
21.15072
16.75835
14.88711
18.08309
21.50618
19.45742
20.56256
25.66956
27.22196
31.49671
22.44338
23.63409
25.98291
27.64121
21.92403
19.83278
23.85414
23.97579
26.79228
15.34275
17.92567
24.3807
22.15865
26.25089
15.85988
25.9378
17.66203
16.17927
20.9131
30.9311
31.04268
26.28729
20.93852
22.2555
26.37858
24.04557
22.83194
21.95047
22.51062
24.81283
24.25966
27.5112
27.65267
27.4712
19.63105
23.62148
32.16449
20.95894
19.89021
24.47182
25.53904
28.15022
21.92533
29.69224
23.75413
20.80469
25.09414
23.4947
25.84793
27.3568
24.0417
18.77577
28.36248
29.67222
27.40412
34.68383
28.99367
34.59735
21.03092
32.20612
30.07739
41.00022
40.89223
38.72379
45.93448
49.64782
51.47325
42.59937
38.74109
50.01941
52.45039
50.18449
48.19906
53.52897
41.64561
41.83185
45.48029
53.51573
52.8561
49.05379
44.05014
44.57261
56.15743
53.41891
59.71173
54.16742
59.42814
60.45936
54.21067
55.89426
59.86036
57.13577
47.8118
55.56112
55.72993
63.4885
56.29456
60.90009
63.21654
54.10887
48.3161
59.17138
57.0426
55.64426
51.82651
58.67133
54.46403
61.80741
51.08969
56.91644
55.68895
60.27808
54.18167
51.85226
55.69199
52.85739
55.72161
59.8942
59.63101
53.53972
54.51487
49.53301
58.82612
65.5151
60.17916
59.56
66.39983
70.42387
61.23308
63.98267
64.70085
66.87165
63.36345
64.63552
60.63358
65.77466
67.95328
72.23586
53.11368
64.52735
74.26061
64.31817
70.43439
62.84692
64.3345
55.92964
56.90928
65.37808
60.58344
63.73665
59.97794
61.9046
58.76159
70.23289
64.26614
63.57557
64.55438
59.79827
60.12606
71.35335
61.05611
68.10989
65.7642
65.94001
66.77948
73.09116
66.04539
68.01074
71.84331
69.40365
76.42718
68.69618
80.98907
76.11795
82.33127
79.11952
76.65145
82.94489
83.58472
85.20565
86.94122
77.80531
82.3203
80.65939
75.66682
77.69602
81.97853
79.19684
88.27388
85.96881
86.34618
77.0127
78.67346
79.7367
84.12481
76.89886
80.79815
83.36575
84.41583
79.5011
75.75324
87.12674
82.10334
83.03867
84.76251
82.53869
84.72172
78.04415
80.82873
69.4769
85.75942
75.13813
71.75001
67.21051
79.96047
77.30321
93.38368
88.9938
85.97691
88.84715
84.06486
81.02531
87.4763
93.57225
95.52546
85.87897
89.65504
95.73332
85.09708
87.01972
81.45493
