11.68012
8.04414
10.21703
7.99386
11.33946
12.38934
9.51658
5.85456
4.76295
9.6105
20.65449
24.70778
17.16778
18.5697
12.352
11.42945
19.77307
17.925
13.54643
14.41102
14.86037
14.64254
19.3508
18.87681
16.19249
15.18411
15.7073
11.12795
7.63621
10.72014
14.28619
18.29653
16.90662
12.6926
14.3917
16.39308
19.76087
14.87097
17.1752
7.97647
14.48483
14.26443
15.85924
20.03954
11.74113
13.55824
19.91012
20.34464
14.9297
20.18596
14.77635
21.89137
18.8422
16.11123
19.58269
12.01822
15.07501
10.92092
17.17191
16.64792
15.05122
8.65019
14.99192
13.52651
15.74928
11.08711
16.00911
21.04388
18.64955
18.04178
14.34306
16.13399
17.09506
14.08811
15.35126
17.1593
13.32993
18.13635
21.47902
17.15353
23.99413
27.5529
22.05285
23.40664
28.68263
27.35911
21.45452
22.94201
25.67454
28.49478
24.98477
22.23227
22.84324
27.5434
20.21062
22.97033
26.33314
25.96984
30.91997
36.65825
32.2268
33.20612
30.68879
32.43711
35.8827
28.36917
34.90409
28.13822
37.62603
32.0913
27.68815
31.78439
30.68755
24.40985
27.0511
29.47341
36.28356
38.31136
29.65137
33.7773
30.7452
38.89375
33.86111
34.17876
33.95854
37.11849
38.76052
28.95287
30.16265
35.71846
32.9631
21.29989
30.02399
33.94936
32.9664
36.23065
25.63227
33.7807
32.6061
35.85576
30.95695
34.93365
34.97101
27.26062
32.08751
31.32657
39.62977
28.67536
22.55627
35.02297
28.0756
46.26973
38.11933
43.46021
45.46611
40.04088
42.0762
38.81527
42.44018
44.40965
38.01724
40.21237
38.54473
37.84562
40.79559
32.66346
41.57735
45.56775
41.58666
43.20867
40.23782
41.11918
41.89874
42.8353
40.07015
37.76211
41.69998
43.49334
36.79659
41.77802
53.0616
45.12503
48.33745
52.0912
47.7749
42.92063
45.22806
44.94981
48.96782
44.77167
55.10152
55.34719
64.25595
57.07272
53.06633
53.72019
57.64816
60.37299
59.66866
55.28888
60.74433
55.7101
57.56217
56.21702
56.51846
57.94422
52.08504
57.67502
57.642
54.62788
56.1453
51.0377
50.32087
58.70655
58.65878
50.40684
51.49131
51.70598
53.90118
54.62774
56.412
59.8626
54.97885
53.21512
54.15485
53.86093
69.5202
59.03277
61.97402
68.29786
62.24721
63.41018
62.20361
67.74041
60.4062
75.77808
74.577
71.63554
74.3906
78.53998
70.18461
78.08917
72.09128
73.19056
70.41296
74.01298
72.51898
68.45581
71.89988
68.15964
70.24971
71.60154
72.35445
73.19521
72.95486
72.88427
66.41857
76.42572
72.00987
76.19463
64.99547
68.92792
74.13096
75.13299
77.70113
68.19365
70.42795
68.0301
70.71554
69.50995
74.88867
75.19168
70.97082
69.5129
69.75099
73.68404
69.81898
65.43386
75.75001
65.10601
70.4383
70.24394
72.84717
80.95816
87.5955
80.81639
80.54951
78.48431
78.72935
81.64935
75.54626
80.54311
80.96611
73.98808
77.33298
78.03128
72.44816
86.64087
77.53756
83.53071
