-8.66168
-2.74963
11.4786
4.44648
12.49745
16.17288
-2.05306
7.13601
2.86573
14.6419
12.61868
-1.67335
3.91185
14.4546
2.49904
-3.23413
19.76632
6.88214
22.22657
5.42752
-5.18432
15.96551
16.3691
10.26227
9.91379
11.67766
15.55703
14.60486
21.45853
18.68246
21.47341
15.24858
14.30537
5.61875
15.49426
20.06694
14.41394
24.47298
33.23068
34.24114
23.06011
21.02081
27.20582
24.95321
32.24412
34.30609
39.22632
34.60855
45.56714
47.43785
45.47443
36.27503
41.65269
40.45931
28.19569
42.85297
36.98374
37.0033
38.10583
39.65412
45.49338
33.80222
34.19626
56.02023
52.93391
38.0068
34.84033
51.11497
50.77385
38.0233
34.23458
46.19194
49.77916
40.1213
42.67416
48.37022
38.42907
36.37607
34.84398
33.47505
37.46746
27.88429
40.36918
42.11673
46.13108
52.92042
48.37719
62.39361
52.38442
58.80126
46.8278
43.93769
49.84747
66.14936
37.04933
44.37599
55.62322
51.31761
36.09516
49.58025
48.38481
47.57881
46.44171
50.38581
57.8138
51.95829
40.77326
38.61105
46.0767
52.4346
54.02357
48.64777
45.452
32.1341
36.96131
41.22417
51.33276
60.25697
55.60361
55.48447
35.50143
54.26858
48.11205
56.05923
38.07858
37.41376
50.54679
37.29219
43.23765
59.25201
58.34086
40.72339
37.48854
57.61145
45.97002
52.0095
53.59522
48.59685
70.15298
63.91088
57.98042
34.65843
70.01907
54.46
41.92673
61.00256
58.12648
65.33
56.76895
53.40216
60.18434
53.24898
54.38871
64.3553
58.70196
70.08865
59.46988
59.34123
56.99799
76.9971
68.95003
77.16659
74.57146
57.30526
68.64463
61.97859
55.4438
66.05356
73.46977
57.43622
63.1545
65.02789
71.45021
67.70122
49.31844
63.59223
66.2741
51.38403
66.45102
67.32131
70.96651
58.3653
67.2809
76.29318
61.28381
68.91497
71.63092
81.685
82.33683
70.07892
58.29648
75.98257
70.27636
72.19073
67.8118
70.02656
70.53555
78.6058
76.44135
80.40667
85.51707
81.55847
62.6606
73.23274
81.63504
78.8239
69.87135
81.60786
90.41249
79.28433
83.19489
79.44321
91.84689
92.12599
91.64646
88.86586
80.80982
100.9812
87.50852
93.1201
94.26414
96.03688
94.01529
92.63447
89.51577
83.74375
100.0463
91.83362
97.43334
107.4886
105.96847
101.34752
91.6072
108.75587
101.98876
93.63675
81.34593
102.14764
96.89869
79.9888
98.37877
97.33622
100.67432
101.72539
108.82482
103.59895
92.31294
99.47032
97.7028
92.59857
107.68438
101.72465
85.28486
90.43233
103.50292
93.50245
92.96494
83.74332
104.78129
97.23882
100.43463
94.22502
98.84164
121.83796
87.11669
103.18131
97.43777
80.63149
99.19077
90.89466
92.2024
98.62067
99.20671
102.02071
86.54322
103.33212
93.73135
112.86676
106.74538
99.86986
108.7522
113.74854
99.84944
120.40828
119.20781
103.68748
111.93379
77.20933
108.3751
103.59027
101.97658
124.65981
109.0628
119.50479
98.72751
102.69205
107.98513
97.69341
108.70662
118.0547
