10.47818
11.87368
6.9517
9.5075
-0.79606
14.53205
6.99052
10.54627
5.79575
12.28167
9.45088
10.09802
5.5237
5.61599
7.3321
7.87329
5.48399
15.60121
9.46735
11.70626
-0.49707
5.23141
9.71552
2.60406
9.43459
13.77461
20.74252
16.39662
14.62342
13.00452
18.72812
17.93064
12.33274
19.99182
17.45459
14.55314
14.40361
15.72777
16.9482
20.04944
16.74843
14.34502
19.85272
21.53045
16.53417
15.75336
19.45098
17.4926
18.50753
13.97127
16.24997
16.26321
13.38438
14.66482
13.84896
18.61761
10.89745
15.80635
14.4948
17.12223
16.60062
14.41726
16.85481
18.10994
7.69659
12.45856
11.00741
16.02394
16.05387
13.35448
12.55212
22.90928
18.09739
19.14441
18.72571
14.21082
16.51742
14.15628
13.44772
17.60824
16.30823
16.54789
14.44185
11.69016
22.72874
15.40271
16.52814
18.05906
26.8834
28.71845
21.43921
21.92835
28.83634
25.71854
36.49424
31.11043
34.66613
33.84306
29.65079
30.55763
33.05354
34.01084
32.63097
31.94933
29.7693
34.874
28.17302
33.89097
31.44047
36.7213
30.01747
29.32795
35.32959
29.04009
31.40095
33.50677
32.71976
40.67841
37.95019
44.1382
39.58133
40.68062
44.67001
39.23249
40.5684
38.81757
42.75719
41.39608
37.4431
39.24061
41.01161
34.00778
38.66903
42.03383
40.51085
39.09523
40.93915
43.43187
43.05249
40.63989
41.76171
39.52315
40.95624
42.32535
38.60148
42.07854
43.51779
47.3194
34.91039
35.2059
39.27492
41.6677
39.78275
36.54825
36.01439
38.49247
39.86717
36.33385
37.50106
43.19259
37.90638
42.50921
36.7588
45.2064
48.69461
49.48696
48.67004
49.16511
50.95683
45.1177
42.70544
51.13958
48.47558
46.59487
45.11884
48.95905
46.64815
42.25052
47.04195
49.74241
50.28247
49.3742
43.51028
55.72781
54.54857
52.21419
56.75906
57.7522
55.40063
54.51682
52.08223
54.89482
54.79284
55.3435
51.93177
58.1257
55.59935
57.61307
51.33039
52.84107
62.53934
68.46107
64.0634
65.61374
65.87575
59.61254
61.04042
62.74881
64.72268
65.68167
62.89357
62.65905
68.05871
63.66861
61.21394
58.67356
63.60124
71.18023
62.7684
66.75688
64.03284
65.31003
58.45709
64.04577
64.23911
68.49773
66.20281
66.21122
66.50187
66.34074
63.9079
62.54295
62.81451
62.75713
61.04256
63.24491
71.30855
72.43585
72.71756
70.88807
70.44734
70.65959
74.33949
70.14226
71.16683
71.86828
75.55793
71.34778
70.64991
70.66595
73.66245
70.99227
75.04162
72.75468
72.06103
73.28363
68.34236
71.99383
71.73718
76.72588
69.9709
71.66291
73.9989
71.75122
64.91919
72.34382
72.40806
72.02055
70.73364
74.11014
71.62477
77.58553
71.84389
70.27032
68.58392
82.11008
84.00612
81.20647
77.27657
84.37074
81.46743
79.72883
89.70051
88.35617
93.59893
82.68975
87.45882
86.48591
91.11335
85.36563
93.66802
94.25915
98.67763
93.07985
92.20765
95.69845
97.21987
99.42991
95.30552
99.02094
