7.52066
11.68206
10.26289
9.89966
7.33978
9.47344
8.73327
6.37414
7.67848
9.68408
7.84959
7.9882
10.88545
8.44483
7.84636
10.11955
7.44418
5.69018
8.8769
8.8939
7.01969
9.25548
10.74171
9.04297
6.24173
7.15726
11.00624
7.87234
6.35723
13.26842
17.06898
17.64482
15.73855
15.88357
17.96163
16.95898
14.25514
15.32151
15.34484
13.80573
16.67827
13.9318
16.13534
16.44111
13.83046
12.77076
16.0017
17.84606
15.06251
14.98987
14.14696
17.64288
18.12156
16.00722
13.2899
17.26728
15.23958
14.55328
17.54371
18.61144
15.34541
13.32009
15.03506
18.68357
24.89525
23.91088
22.04089
22.92858
20.75144
21.39026
22.53405
26.07432
23.77304
22.34172
22.94721
24.21269
27.33288
24.13806
23.40061
24.377
24.86406
22.4743
26.77407
24.07281
26.88504
26.16809
22.41284
22.40228
25.21843
26.02544
22.43525
24.01222
21.9379
26.06321
22.69318
24.67218
23.25278
25.24179
33.45907
29.62294
32.86871
32.99494
33.08388
31.70327
31.72127
33.046
29.90059
31.54663
41.072
41.82943
43.21627
36.31717
39.32785
44.51463
39.87746
35.99686
39.54501
40.49423
38.56561
46.79594
45.8111
49.22065
47.73921
46.563
45.64706
48.80328
48.44812
47.73231
46.1545
47.59304
50.06278
45.9691
46.22604
50.52211
47.76287
46.14022
45.81347
47.78385
49.73323
53.20559
45.7788
47.2858
46.85477
49.17724
47.95789
48.4638
51.46773
48.87631
46.90603
47.61881
47.67969
48.79073
46.90729
47.07247
47.66319
46.84477
46.74656
55.85855
56.78796
56.67107
55.36817
56.08227
56.54876
60.53851
55.02455
56.30443
57.85472
57.86435
55.05858
51.75943
56.00694
57.95176
57.00605
57.63831
57.33432
58.34295
57.13574
55.51338
52.64393
54.18714
58.19679
63.3107
63.30382
65.11678
67.00007
64.42148
60.88974
64.39721
67.98429
63.4945
62.7689
63.31993
64.94323
63.01916
62.20538
63.53572
66.44569
63.38851
63.50339
62.66361
66.68718
64.68662
63.26652
64.48041
72.07167
70.89428
69.50874
69.79399
74.40036
74.98382
72.63885
70.05011
72.19926
72.23846
74.71324
70.40831
72.87422
74.84055
72.67267
69.32991
72.6051
72.79287
74.22445
71.25536
68.04608
74.43702
73.16376
70.40496
72.25152
73.21417
74.22645
67.67931
71.904
69.40064
69.04838
71.99452
69.76337
71.45364
72.74143
71.63096
70.06042
74.50605
73.41649
77.28957
79.69894
79.56089
81.60111
78.22942
78.20203
81.47071
81.75576
81.08425
78.31229
79.83677
82.13931
81.8195
79.67186
80.24792
80.83709
79.58564
80.36396
76.73819
78.89476
83.94227
79.96062
78.86228
77.52214
80.98355
78.9878
80.07042
82.15211
78.29786
78.27677
78.56595
79.98476
80.34632
78.61102
78.48713
81.51542
80.58086
80.83252
76.74513
80.86952
82.28994
79.10441
80.24275
78.50092
82.51469
86.93757
84.0
86.95851
87.14636
89.93163
87.88628
87.42805
87.12818
88.24467
86.45254
88.04288
84.02444
