8.12739
14.39916
10.9212
4.26737
9.2346
7.08786
9.00758
7.39184
10.53315
12.30375
11.20742
15.52326
12.90276
21.62268
14.40513
11.80833
13.32339
13.35133
19.64045
9.82354
18.5898
12.76863
12.73106
16.742
20.28531
18.86747
11.71128
14.78646
16.51426
9.28217
18.48457
23.95672
17.38879
22.32212
22.90114
23.25642
22.76245
25.30463
19.90695
25.00185
15.50572
27.29751
24.76136
24.1563
14.98562
23.12692
27.38834
28.0705
20.08946
22.92997
27.48822
30.38152
20.06347
20.21983
21.57814
30.62085
20.20439
19.86124
20.2598
27.6511
22.13415
20.27515
24.03088
20.43821
28.34462
16.67035
20.0877
27.1056
17.2808
18.53302
26.40209
24.5879
21.302
17.76007
20.12241
23.25627
25.33029
23.57962
19.05022
20.52831
28.96057
22.80728
25.76985
18.25823
21.79447
34.5825
27.11864
34.97006
32.32484
36.92119
34.19937
30.63915
26.1606
32.43393
30.61347
33.33706
28.1864
36.72002
30.19777
28.94608
33.51645
35.4366
32.0564
41.21813
32.5744
31.84726
37.90037
28.70138
29.98762
29.89919
30.06297
29.01427
34.86745
26.88391
45.35771
45.46783
47.44213
44.16101
53.55123
53.28483
51.24831
50.4563
45.27046
47.61317
49.62455
52.90031
58.66513
55.39598
54.81265
53.20695
59.80827
57.99023
51.59763
55.27871
57.24939
55.10337
59.0848
56.8184
54.8188
59.2923
54.39957
61.50824
56.05555
61.50107
57.53995
53.0961
63.77182
56.14755
54.89024
59.36007
60.46777
66.18708
65.8474
59.34459
59.35796
67.09345
61.93693
68.83695
68.33353
60.27503
56.47113
67.47712
63.64635
62.58986
62.29545
62.70971
58.402
63.59772
65.12923
63.05537
57.03667
73.13466
71.15554
73.47875
73.10232
74.1236
74.16848
73.3726
66.04084
74.05965
80.45742
75.70886
74.97566
79.72462
81.10025
79.3232
80.03927
79.57706
84.70023
77.32925
80.40849
80.36634
82.68088
88.71036
76.01424
82.1461
81.07518
76.08813
75.96881
83.12464
83.53625
78.87334
79.28879
70.84648
84.5446
81.57748
78.19819
79.69541
78.45849
86.2085
81.98899
73.98186
86.34663
82.88642
72.26236
80.06441
85.69212
77.90929
72.43836
81.41038
78.25771
79.83571
77.7425
80.74861
77.12052
85.34297
81.07923
72.2247
76.16717
89.94804
89.5367
90.7976
93.35897
94.95843
85.72912
87.89837
94.16485
84.94472
93.98926
89.30345
89.57364
91.80738
88.48888
87.74327
83.81709
85.98728
88.44113
83.27597
85.83195
92.81761
88.92203
89.05983
92.53692
89.4329
90.027
80.81673
89.44564
87.36947
90.01042
94.94464
88.15408
89.97241
93.18722
89.89081
79.74577
78.18151
96.28186
94.05094
95.70413
92.62517
101.15634
100.10514
96.3858
89.77436
103.88314
96.22735
97.25876
88.55985
94.94398
95.79907
100.18682
95.78976
98.23539
104.81626
99.33542
99.65962
107.00254
104.17589
107.53459
105.7656
102.46123
109.46609
110.43289
98.63068
97.45432
99.34694
108.61539
110.14284
113.57539
113.92296
